1
10
1003
10042
10051
1009
10106
1014
1029
10349
10359
10500
1052
1073
10746
10747
10748
1086
1093
11
1103
1124
1186
1188
12
1229
1236
1237
1238
1239
1240
13
1300
1344
135
140
141
142
143
144
145
146
147
148
149
15
150
151
152
159
16
161
162
1625
163
1637
164
1644
1649
1655
1656
167
168
17
1720
174
18
1833
1856
1868
1887
1937
196
197
1992
1993
1999
2
20
2001
2079
2081
2093
21
2112
2113
2117
2129
2135
2139
2144
2161
2162
2166
2188
2190
2194
2195
22
2201
2206
2218
2224
2248
2254
2266
2279
2284
2295
2298
23
2304
2309
2318
2324
2329
2333
2347
2350
2362
2365
237
2370
2404
2409
2434
2447
2467
2477
2479
249
2493
25
2507
2538
2563
2565
2572
2576
2589
26
27
272
28
2833
29
3
30
3050
31
32
3235
3236
3237
3238
3239
33
34
35
350
36
37
38
3845
39
396
406
410
43
44
45
46
4601
4607
4621
5
574
62
64
65
656
657
66
67
68
69
7
70
7056
71
72
7392
754
7577
7736
7749
7795
7809
79
7982
8
8018
8182
8189
8196
8381
8445
8458
8605
8660
9
9078
92
929
93
932
942
944
963
966
9690
972
9766
9767
9768
988
9890
9921
9928
9929
9932
9933
9936
999
